0.0958587
0.0810646
0.0652433
0.099158
0.0925491
0.0871463
0.0957615
0.0970301
0.100274
0.0970008
0.0657494
0.0652378
0.0655814
0.0947166
0.095481
0.0933313
0.0923115
0.0869493
0.0958269
0.0963635
0.0940404
0.0952648
0.0970008
0.0653797
0.0646369
0.0644135
0.0641427
0.0642021
0.0998298
0.095476
0.0952625
0.0941481
0.0948011
0.064949
0.10018
0.100778
0.0919791
0.0995346
0.0992155
0.0939811
0.0974966
0.0975872
0.0970703
0.097004
0.0994411
0.0994122
0.0856897
0.100184
0.0997367
0.100454
0.0955568
0.0940916
0.0947459
0.0975168
0.100077
0.0995467
0.0928379
0.0640286
0.0638622
0.0643908
0.100859
0.0659599
0.0663879
0.0989884
0.0985201
0.0987469
0.0979666
0.097082
0.0958688
0.0965675
0.0973385
0.0650739
0.0923603
0.0921612
0.0930617
0.0915723
0.0980716
0.0645403
0.0659225
0.09511
0.0926544
0.0928981
0.0933552
0.100564
0.091513
0.0942805
0.101031
0.101492
0.101588
0.0937982
0.0994508
0.0907001
0.0964642
0.101656
0.0989903
0.0994843
0.0999351
0.098775
0.0973912
0.0952743
0.0916522
0.0934769
0.0992251
0.0929245
0.0903702
0.0964664
0.0957111
0.0976352
0.0650228
0.064779
0.0656853
0.0955961
0.0644665
0.0645888
0.0642947
0.09987
0.0997176
0.0645213
0.0655154
0.0921945
0.0973313
0.0978891
0.0974808
0.0959969
0.0869343
0.095303
0.0947451
0.0952467
0.0879252
0.0971316
0.101148
0.10036
0.100022
0.0948416
0.100632
0.093282
0.0983628
0.0986171
0.0942163
0.0936622
0.0941466
0.0900452
0.0975235
0.101022
0.0979408
0.0946375
0.0978039
0.0994071
0.0999179
0.104015
0.100003
0.0999214
0.0987154
0.111909
0.1001
0.581705
0.586688
0.29462
0.291406
0.289734
0.0653494
0.0632903
0.0633979
0.062529
0.0643375
0.0958426
0.0998345
0.0979753
0.0979655
0.0986399
0.0918102
0.0904828
0.0913515
0.0933329
0.0946092
0.09865
0.0949734
0.0929827
0.0938527
0.0980711
0.0994523
0.0977494
0.0980242
