0.0552983
0.053644
0.0545196
0.0546518
0.0264037
0.0270011
0.0551298
0.0564236
0.0565964
0.056439
0.0546321
0.0244173
0.0546688
0.0523832
0.0512558
0.0519443
0.0559759
0.0557789
0.0561597
0.0558667
0.0540341
0.0250692
0.0490563
0.025194
0.0252683
0.024863
0.0541475
0.026203
0.0540278
0.0551802
0.0561477
0.0549765
0.0460719
0.0548072
0.05338
0.0550088
0.0241924
0.0238254
0.0535428
0.0523783
0.047342
0.045409
0.0536666
0.051704
0.0509129
0.0513512
0.0241544
0.0237927
0.0598044
0.0505903
0.05143
0.0237416
0.0516362
0.0239905
0.0512633
0.023851
0.0513464
0.0508705
0.0519551
0.0512895
0.0387109
0.0432033
0.0518665
0.046976
0.0254228
0.0515076
0.0516478
0.053974
0.0542065
0.0535448
0.054978
0.0534656
0.0540096
0.0398586
0.0486726
0.0519348
0.0504261
0.0533939
0.0546646
0.0516428
0.0512064
0.0537251
0.0538256
0.0494226
0.0239021
0.0534956
0.0241554
0.0512063
0.0241494
0.0541166
0.0246248
0.0541742
0.0241863
0.0517679
0.0546112
0.0535733
0.0544289
0.0500734
0.0545873
0.04965
0.0545533
0.0522826
0.0499016
0.0498874
0.0521954
0.0251671
0.0251748
0.0521644
0.0536573
0.0527589
0.0249471
0.0537744
0.0533418
0.0251414
0.0249884
0.0538386
0.054137
0.0261717
0.0536068
0.0534833
0.0540758
0.0514125
0.0501378
0.0247688
0.0540303
0.0248592
0.0541686
0.0524927
0.024897
0.0506
0.0500178
0.0247664
0.0536934
0.0248747
0.0527139
0.0247781
0.0255692
0.0247806
0.0485262
